--- Points ---
(245,93)  (8,250)  (250,96)  (75,99)  (44,104)  (129,113)  (205,135)  (21,118)  
(11,20)  (24,143)  (231,186)  (171,68)  (23,41)  (102,156)  (25,18)  (131,126)  
(29,16)  (56,236)  (132,195)  (233,91)  (96,155)  (137,69)  (31,46)  (166,165)  
(145,208)  (168,120)  (93,33)  (195,220)  (198,32)  (227,122)  (125,33)  (80,219)  
(50,27)  (173,124)  (165,143)  (75,73)  (228,119)  (252,144)  (136,249)  (99,105)  
(162,168)  (65,198)  (139,107)  (136,100)  (19,227)  (122,49)  (75,81)  (99,162)  
(91,182)  (52,112)  (222,101)  (42,255)  (198,180)  (138,184)  (188,234)  (39,240)  
(184,107)  (218,70)  (89,220)  (250,225)  (214,225)  (213,253)  (101,34)  (54,30)  
(101,79)  (33,132)  (54,29)  (0,244)  (195,90)  (122,216)  (126,6)  (235,174)  
(180,44)  (80,209)  (120,80)  (81,202)  (77,110)  (66,203)  (9,50)  (164,14)  
(80,163)  (224,232)  (241,22)  (4,134)  (130,73)  (80,70)  (107,207)  (166,46)  
(81,244)  (41,239)  (55,59)  (227,75)  (1,218)  (162,63)  (53,137)  (184,213)  
(176,64)  (112,227)  (44,248)  (182,216)  (78,149)  (13,180)  (52,9)  (69,166)  
(75,168)  (27,63)  (211,196)  (25,142)  (74,131)  (224,109)  (42,33)  (101,35)  
(51,239)  (47,207)  (73,61)  (190,109)  (153,240)  (87,235)  (230,78)  (247,234)  
(117,47)  (226,201)  (74,7)  (73,28)  (76,69)  (45,118)  (243,29)  (141,19)  
(147,207)  (7,225)  (110,23)  (132,245)  (196,23)  (117,48)  (77,130)  (56,217)  
(198,45)  (45,191)  (30,90)  (18,30)  (249,145)  (251,158)  (255,43)  (162,189)  
(95,125)  (124,228)  (216,199)  (215,10)  (218,170)  (128,62)  (230,27)  (162,185)  
(87,58)  (80,90)  (209,123)  (7,195)  (166,88)  (8,36)  (87,80)  (118,54)  
(98,106)  (53,65)  (247,94)  (254,109)  (117,180)  (210,128)  (0,46)  (14,37)  
(1,148)  (248,198)  (144,66)  (84,174)  (74,86)  (64,122)  (194,39)  (158,174)  
(218,154)  (167,42)  (138,124)  (156,22)  (81,32)  (136,101)  (72,249)  (139,56)  
(13,38)  (26,11)  (70,51)  (154,192)  (253,47)  (46,171)  (163,235)  (47,141)  
(69,46)  (58,136)  (38,243)  (10,103)  (51,30)  (169,141)  (35,232)  (250,134)  
(210,175)  (112,248)  (159,160)  (160,146)  (75,20)  (157,225)  (44,149)  (229,90)  
(156,219)  (20,179)  (50,50)  (81,47)  (217,49)  (58,242)  (133,248)  (79,127)  
(214,191)  (70,40)  (99,104)  (145,140)  (195,149)  (126,34)  (115,15)  (1,182)  
(43,180)  (94,244)  (151,98)  (60,12)  (139,164)  (74,4)  (70,156)  (142,163)  
(9,5)  (242,220)  (77,107)  (29,253)  (54,36)  (130,175)  (85,105)  (107,21)  
(99,212)  (181,39)  (207,243)  (52,29)  (177,43)  (186,217)  (12,95)  (175,140)  
(36,120)  (85,45)  (59,204)  (206,136)  (171,99)  (153,192)  (85,101)  (90,253)  
--- Scheme --- 
(define points (list
(make-point 245 93) (make-point 8 250) (make-point 250 96) (make-point 75 99) (make-point 44 104) (make-point 129 113) (make-point 205 135) (make-point 21 118) (make-point 11 20) (make-point 24 143) (make-point 231 186) (make-point 171 68) (make-point 23 41) (make-point 102 156) (make-point 25 18) (make-point 131 126) 
(make-point 29 16) (make-point 56 236) (make-point 132 195) (make-point 233 91) (make-point 96 155) (make-point 137 69) (make-point 31 46) (make-point 166 165) (make-point 145 208) (make-point 168 120) (make-point 93 33) (make-point 195 220) (make-point 198 32) (make-point 227 122) (make-point 125 33) (make-point 80 219) 
(make-point 50 27) (make-point 173 124) (make-point 165 143) (make-point 75 73) (make-point 228 119) (make-point 252 144) (make-point 136 249) (make-point 99 105) (make-point 162 168) (make-point 65 198) (make-point 139 107) (make-point 136 100) (make-point 19 227) (make-point 122 49) (make-point 75 81) (make-point 99 162) 
(make-point 91 182) (make-point 52 112) (make-point 222 101) (make-point 42 255) (make-point 198 180) (make-point 138 184) (make-point 188 234) (make-point 39 240) (make-point 184 107) (make-point 218 70) (make-point 89 220) (make-point 250 225) (make-point 214 225) (make-point 213 253) (make-point 101 34) (make-point 54 30) 
(make-point 101 79) (make-point 33 132) (make-point 54 29) (make-point 0 244) (make-point 195 90) (make-point 122 216) (make-point 126 6) (make-point 235 174) (make-point 180 44) (make-point 80 209) (make-point 120 80) (make-point 81 202) (make-point 77 110) (make-point 66 203) (make-point 9 50) (make-point 164 14) 
(make-point 80 163) (make-point 224 232) (make-point 241 22) (make-point 4 134) (make-point 130 73) (make-point 80 70) (make-point 107 207) (make-point 166 46) (make-point 81 244) (make-point 41 239) (make-point 55 59) (make-point 227 75) (make-point 1 218) (make-point 162 63) (make-point 53 137) (make-point 184 213) 
(make-point 176 64) (make-point 112 227) (make-point 44 248) (make-point 182 216) (make-point 78 149) (make-point 13 180) (make-point 52 9) (make-point 69 166) (make-point 75 168) (make-point 27 63) (make-point 211 196) (make-point 25 142) (make-point 74 131) (make-point 224 109) (make-point 42 33) (make-point 101 35) 
(make-point 51 239) (make-point 47 207) (make-point 73 61) (make-point 190 109) (make-point 153 240) (make-point 87 235) (make-point 230 78) (make-point 247 234) (make-point 117 47) (make-point 226 201) (make-point 74 7) (make-point 73 28) (make-point 76 69) (make-point 45 118) (make-point 243 29) (make-point 141 19) 
(make-point 147 207) (make-point 7 225) (make-point 110 23) (make-point 132 245) (make-point 196 23) (make-point 117 48) (make-point 77 130) (make-point 56 217) (make-point 198 45) (make-point 45 191) (make-point 30 90) (make-point 18 30) (make-point 249 145) (make-point 251 158) (make-point 255 43) (make-point 162 189) 
(make-point 95 125) (make-point 124 228) (make-point 216 199) (make-point 215 10) (make-point 218 170) (make-point 128 62) (make-point 230 27) (make-point 162 185) (make-point 87 58) (make-point 80 90) (make-point 209 123) (make-point 7 195) (make-point 166 88) (make-point 8 36) (make-point 87 80) (make-point 118 54) 
(make-point 98 106) (make-point 53 65) (make-point 247 94) (make-point 254 109) (make-point 117 180) (make-point 210 128) (make-point 0 46) (make-point 14 37) (make-point 1 148) (make-point 248 198) (make-point 144 66) (make-point 84 174) (make-point 74 86) (make-point 64 122) (make-point 194 39) (make-point 158 174) 
(make-point 218 154) (make-point 167 42) (make-point 138 124) (make-point 156 22) (make-point 81 32) (make-point 136 101) (make-point 72 249) (make-point 139 56) (make-point 13 38) (make-point 26 11) (make-point 70 51) (make-point 154 192) (make-point 253 47) (make-point 46 171) (make-point 163 235) (make-point 47 141) 
(make-point 69 46) (make-point 58 136) (make-point 38 243) (make-point 10 103) (make-point 51 30) (make-point 169 141) (make-point 35 232) (make-point 250 134) (make-point 210 175) (make-point 112 248) (make-point 159 160) (make-point 160 146) (make-point 75 20) (make-point 157 225) (make-point 44 149) (make-point 229 90) 
(make-point 156 219) (make-point 20 179) (make-point 50 50) (make-point 81 47) (make-point 217 49) (make-point 58 242) (make-point 133 248) (make-point 79 127) (make-point 214 191) (make-point 70 40) (make-point 99 104) (make-point 145 140) (make-point 195 149) (make-point 126 34) (make-point 115 15) (make-point 1 182) 
(make-point 43 180) (make-point 94 244) (make-point 151 98) (make-point 60 12) (make-point 139 164) (make-point 74 4) (make-point 70 156) (make-point 142 163) (make-point 9 5) (make-point 242 220) (make-point 77 107) (make-point 29 253) (make-point 54 36) (make-point 130 175) (make-point 85 105) (make-point 107 21) 
(make-point 99 212) (make-point 181 39) (make-point 207 243) (make-point 52 29) (make-point 177 43) (make-point 186 217) (make-point 12 95) (make-point 175 140) (make-point 36 120) (make-point 85 45) (make-point 59 204) (make-point 206 136) (make-point 171 99) (make-point 153 192) (make-point 85 101) (make-point 90 253) 
))

--- Binary ---

0101110111110101111110100000100001100000111110100110001101001011
0110100000101100011100011000000110000111110011010111011000010101
0001010000001011100011110001100010111010111001110100010010101011
0010100100010111100111000110011000010010000110010111111010000011
0001000000011101111011000011100011000011100001000101101111101001
1001101101100000010001011000100100101110000111111010010110100110
1101000010010001011110001010100000100001010111011101110011000011
0010000011000110011110101110001100100001011111011101101101010000
0001101100110010011111001010110110001111101001010100100101001011
0111011111100100100100001111110011111001100010000110100101100011
1010100010100010110001100100000101101011100010110110010010001000
1110001100010011001100010111101001010001010010111010001001100011
1011011001011011011100000011010001100101110111101111111100101010
1011010011000110101110001000101011101010101111001111000000100111
0110101110111000010001101101101011011100010110011110000111111010
1110000111010110111111011101010100100010011001010001111000110110
0100111101100101100001000010000100011101001101101111010000000000
0101101011000011110110000111101000000110011111101010111011101011
0010110010110100110100010101000001010000011110001100101001010001
0110111001001101110010110100001000110010000010010000111010100100
1010001101010000111010001110000000010110111100011000011000000100
0100100110000010010001100101000011001111011010110010111010100110
1111010001010001111011110010100100111011001101110100101111100011
1101101000000001001111111010001010001001001101011101010110111000
0100000010110000111000110111000011111000001011001101100010110110
1001010101001110101101000000110100001001001101001010011001000101
1010100001001011001111110001101111000100110100111000111000011001
1000001101001010011011011110000000100001001010100010001101100101
1110111100110011110011110010111100111101010010010110110110111110
1111000010011001111010110101011101001110111001101110101011110111
0010111101110101110010011110001000000111010010100001110001001001
0100010101001100011101100010110100011101111100110001001110001101
1100111110010011111000010000011100010111011011101111010110000100
0001011111000100001100000111010110000010010011011101100100111000
0010110111000110101111110010110101011010000111100001111000010010
1001000111111001100111101111101100101011111111111011110110100010
0111110101011111111001000111110011000111110110000000101011010111
1010101011011010001111101000000000011011111001101011100110100010
0011101001010111010110100101000001111011110100011100001100000111
0101100010100110001001000000100001010000010101110011011001110110
0110101001100010010000010011010101011110111101110110110111111110
1011010001110101100000001101001000101110000000000010010100001110
1001010000000001110001101111100001000010100100001010111001010100
0101011001001010011110100100000000100111110000101010111010011110
1001101011011010001010101010011101111100100010100001011010011100
0010000001010001011001011000100011111001010010000011100010001011
0010011000001101000010110001101000110011010001101100000010011010
0010111111111101101010110010111011101011101000111000110100101111
0010111001000101100010000011101011110011001001100110011100001010
0001111000110011100011011010100111101000001000111000011011111010
1010111111010010111110000111000010100000100111111001001010100000
0001010001001011111000011001110110010101001011000101101011100101
1101101110011100101100110001010000110010001100100010111101010001
0011000111011001111100100011101011111000100001010111111101001111
1011111111010110001010000100011001101000011000111000110010010001
1001010111000011001000100111111000001111011100111011011000000001
1011010000101011111101000101111001100010100101110000110000111100
1010010010001011000001000100101010011100010001101010001110001110
0000010100001001110111001111001001101011010011011111110100011101
0010010000110110101011111000001001101001010101010001010101101011
1101010001100011001001111011010111110011110011110001110100110100
0010101110110001110110011011101001011111000011001000110010101111
0111100000100100001011010101010111001100001110111000100011001110
0110001110101011110000001001100101100101010101011111110101011010
