--- Points ---
(82,155)  (118,231)  (130,108)  (72,162)  (242,217)  (52,235)  (47,4)  (242,2)  
(36,39)  (203,181)  (109,195)  (59,25)  (15,140)  (214,135)  (65,157)  (221,182)  
(218,101)  (67,117)  (167,173)  (171,90)  (56,242)  (249,165)  (52,250)  (171,41)  
(119,142)  (66,104)  (82,188)  (112,44)  (89,5)  (214,90)  (92,34)  (246,214)  
(81,73)  (128,113)  (114,88)  (135,92)  (50,209)  (142,8)  (110,169)  (239,139)  
(62,126)  (146,108)  (10,138)  (224,152)  (198,160)  (226,216)  (157,227)  (86,43)  
(106,91)  (131,71)  
--- Scheme --- 
(define points (list
(make-point 82 155) (make-point 118 231) (make-point 130 108) (make-point 72 162) (make-point 242 217) (make-point 52 235) (make-point 47 4) (make-point 242 2) (make-point 36 39) (make-point 203 181) (make-point 109 195) (make-point 59 25) (make-point 15 140) (make-point 214 135) (make-point 65 157) (make-point 221 182) 
(make-point 218 101) (make-point 67 117) (make-point 167 173) (make-point 171 90) (make-point 56 242) (make-point 249 165) (make-point 52 250) (make-point 171 41) (make-point 119 142) (make-point 66 104) (make-point 82 188) (make-point 112 44) (make-point 89 5) (make-point 214 90) (make-point 92 34) (make-point 246 214) 
(make-point 81 73) (make-point 128 113) (make-point 114 88) (make-point 135 92) (make-point 50 209) (make-point 142 8) (make-point 110 169) (make-point 239 139) (make-point 62 126) (make-point 146 108) (make-point 10 138) (make-point 224 152) (make-point 198 160) (make-point 226 216) (make-point 157 227) (make-point 86 43) 
(make-point 106 91) (make-point 131 71) ))

--- Binary ---

0000000000000000000000000000000000000000000000000000000000000000
0000000000000000000000000000000000000000000000000000000000000000
0000000000000000000000000000000000000000000000000000000000000000
0000000000000000000000000000000000000000000000000000000000000000
0000000000000000000000000000000000000000000000000000000000000000
0000000000000000000000000000000000000000000000000000000000000000
0000000000000000000000000000000000000000000000000000000000000000
0000000000000000000000000000000000000000000000000000000000000000
0000000000000000000000000000000000000000000000000000000000000000
0000000000000000000000000000000000000000000000000000000000000000
0000000000000000000000000000000000000000000000000000000000000000
0000000000000000000000000000000000000000000000000000000000000000
0000000000000000000000000000000000000000000000000000000000000000
0000000000000000000000000000000000000000000000000000000000000000
0000000000000000000000000000000000000000000000000000000000000000
0000000000000000000000000000000000000000000000000000000000000000
0000000000000000000000000000000000000000000000000000000000000000
0000000000000000000000000000000000000000000000000000000000000000
0000000000000000000000000000000000000000000000000000000000000000
0000000000000000000000000000000000000000000000000000000000000000
0000000000000000000000000000000000000000000000000000000000000000
0000000000000000000000000000000000000000000000000000000000000000
0000000000000000000000000000000000000000000000000000000000000000
0000000000000000000000000000000000000000000000000000000000000000
0000000000000000000000000000000000000000000000000000000000000000
0000000000000000000000000000000000000000000000000000000000000000
0000000000000000000000000000000000000000000000000000000000000000
0000000000000000000000000000000000000000000000000000000000000000
0000000000000000000000000000000000000000000000000000000000000000
0000000000000000000000000000000000000000000000000000000000000000
0000000000000000000000000000000000000000000000000000000000000000
0000000000000000000000000000000000000000000000000000000000000000
0000000000000000000000000000000000000000000000000000000000000000
0000000000000000000000000000000000000000000000000000000000000000
0000000000000000000000000000000000000000000000000000000000000000
0000000000000000000000000000000000000000000000000000000000000000
0000000000000000000000000000000000000000000000000000000000000000
0000000000000000000000000000000000000000000000000000000000000000
0000000000000000000000000000000000000000000000000000000000000000
0000000000000000000000000000000000000000000000000000000000000000
0000000000000000000000000000000000000000000000000000000000000000
0000000000000000000000000000000000000000000000000000000000000000
0000000000000000000000000000000000000000000000000000000000000000
0000000000000000000000000000000000000000000000000000000000000000
0000000000000000000000000000000000000000000000000000000000000000
0000000000000000000000000000000000000000000000000000000000000000
0000000000000000000000000000000000000000000000000000000000000000
0000000000000000000000000000000000000000000000000000000000000000
0000000000000000000000000000000000000000000000000000000000000000
0000000000000000000000000000000000000000000000000000000000000000
0000000000000000000000000000000000000000000000000000000000000000
00000000000000000000000000000000
1001101101010010111001110111011001101100100000101010001001001000
1101100111110010111010110011010000000100001011110000001011110010
0010011100100100101101011100101111000011011011010001100100111011
1000110000001111100001111101011010011101010000011011011011011101
0110010111011010011101010100001110101101101001110101101010101011
1111001000111000101001011111100111111010001101000010100110101011
1000111001110111011010000100001010111100010100100010110001110000
0000010101011001010110101101011000100010010111001101011011110110
0100100101010001011100011000000001011000011100100101110010000111
1101000100110010000010001000111010101001011011101000101111101111
0111111000111110011011001001001010001010000010101001100011100000
1010000011000110110110001110001011100011100111010010101101010110
01011011011010100100011110000011